891 229 560
600 147 163
605 560 206
903 801 444
645 300 627
674 303 831
42 179 307
516 443 478
723 811 45
375 289 289
581 330 100
204 140 408
441 986 687
621 122 931
334 608 154
62 28 488
785 650 561
567 765 592
822 114 203
119 862 942
324 134 33
971 245 454
252 184 216
28 44 136
157 87 831
591 178 13
999 532 375
217 523 410
542 633 762
814 379 303
720 609 222
861 87 732
565 299 513
866 316 101
941 12 634
411 518 924
702 230 635
632 706 755
23 594 755
786 227 349
507 937 212
99 76 490
517 707 847
303 639 584
162 400 945
267 432 371
683 532 589
164 161 459
571 887 122
587 924 6
956 842 800
315 802 708
807 195 286
117 210 571
218 138 609
287 322 563
91 514 570
980 724 398
244 446 955
765 198 741
591 323 341
137 846 171
491 267 965
405 527 337
529 292 872
610 180 111
764 677 129
824 488 893
454 501 557
754 293 848
981 985 379
353 861 205
330 416 402
163 779 446
727 341 130
531 518 524
932 930 260
996 89 157
180 59 889
396 831 477
105 28 928
851 946 978
322 508 514
274 52 34
454 207 696
67 132 838
242 582 130
397 989 864
287 959 162
39 99 624
50 376 683
247 528 978
621 799 72
7 203 915
191 589 872
413 637 901
560 22 769
72 722 304
50 878 338
193 205 925
39 99 624
119 862 942
645 300 627
824 488 893
454 207 696
164 161 459
861 87 732
571 887 122
516 443 478
50 878 338
287 959 162
605 560 206
861 87 732
287 322 563
591 323 341
137 846 171
507 937 212
720 609 222
591 178 13
397 989 864
90 864 818
626 794 433
98 583 440
105 87 483
216 269 754
667 94 972
854 589 903
448 499 173
131 366 738
21 858 908
416 775 250
476 801 190
515 685 76
242 605 748
386 461 694
500 87 88
758 212 757
693 940 138
249 816 338
325 792 623
368 678 504
621 248 582
975 83 325
669 951 691
609 666 995
327 110 550
106 149 146
622 395 912
268 676 393
574 315 67
226 130 860
125 416 517
9 306 69
555 559 683
783 354 427
215 75 375
1 148 697
91 992 435
693 772 951
538 508 479
222 713 760
951 418 52
867 860 333
352 80 268
617 111 398
126 997 770
512 260 964
61 425 573
28 419 354
945 152 992
592 793 432
327 320 43
521 177 461
156 333 751
203 808 332
780 693 479
814 996 171
888 45 810
535 409 176
961 616 568
529 544 107
333 241 718
136 931 639
620 193 647
422 849 835
362 964 722
706 719 981
889 186 780
274 294 224
32 800 811
640 11 326
475 341 583
616 813 38
142 453 806
699 829 86
196 303 769
968 210 922
820 723 339
106 18 439
704 65 936
866 316 101
807 195 286
203 808 332
268 676 393
626 794 433
274 294 224
7 203 915
222 713 760
605 560 206
352 80 268
891 229 560
542 633 762
368 678 504
764 677 129
137 846 171
353 861 205
247 528 978
162 400 945
247 528 978
217 523 410
680 671 881
755 704 6
721 232 522
200 564 711
776 140 414
720 275 412
712 14 327
748 661 616
872 737 552
580 178 162
938 813 148
650 832 44
122 204 931
275 67 466
749 7 844
509 969 204
506 567 664
91 183 631
827 285 520
14 535 315
785 34 826
27 850 257
857 993 192
806 897 930
677 526 8
340 619 376
449 16 975
970 100 143
378 987 197
756 857 529
149 340 399
411 538 599
586 872 105
840 440 582
815 577 887
347 80 857
218 929 146
836 721 318
577 117 163
334 735 85
826 768 186
296 161 192
203 237 48
646 727 947
33 993 259
670 427 957
88 862 477
888 788 926
948 75 99
445 655 464
985 609 334
114 920 485
347 92 745
401 735 616
798 388 578
666 289 468
87 569 370
988 901 262
839 504 308
89 705 138
31 39 96
210 666 364
621 228 934
966 349 275
562 329 835
748 246 317
832 446 832
271 622 281
407 101 481
562 906 694
828 772 521
106 832 196
170 553 252
64 620 546
437 349 73
946 661 952
292 38 828
130 831 890
275 258 165
409 458 953
776 140 414
824 488 893
247 528 978
538 508 479
971 245 454
164 161 459
32 800 811
39 99 624
857 993 192
303 639 584
620 193 647
826 768 186
180 59 889
889 186 780
437 349 73
397 989 864
137 846 171
815 577 887
347 80 857
645 300 627
152 507 783
606 588 790
811 429 537
781 927 275
954 24 311
94 414 895
323 657 563
647 880 717
600 230 602
699 507 207
689 789 136
343 54 467
37 874 493
935 855 520
415 627 418
472 400 863
537 517 436
391 492 588
407 394 909
285 841 657
370 574 986
880 694 359
810 186 44
788 783 589
485 371 972
212 216 748
676 37 254
154 192 602
348 827 707
961 496 510
656 497 789
486 213 483
703 438 358
145 610 361
711 446 162
607 766 670
639 354 749
14 10 881
407 552 987
936 6 801
24 709 931
817 773 961
726 506 75
184 76 866
926 211 711
662 115 342
27 862 630
821 724 46
963 942 475
172 507 110
804 663 167
954 882 956
597 281 872
467 511 83
252 975 842
625 118 949
808 219 712
976 63 495
720 866 418
327 779 729
136 603 255
896 497 253
104 461 802
495 168 814
9 599 59
250 865 932
800 524 397
447 570 297
575 924 99
427 710 308
559 716 130
59 587 578
261 788 246
380 792 957
488 639 383
735 128 270
708 560 173
522 762 931
117 951 122
723 147 952
28 44 136
495 168 814
857 993 192
966 349 275
486 213 483
31 39 96
454 207 696
261 788 246
347 80 857
621 228 934
91 992 435
61 425 573
323 657 563
506 567 664
828 772 521
397 989 864
222 713 760
985 609 334
242 582 130
154 192 602
306 682 398
281 843 646
681 720 34
623 778 164
26 962 44
770 738 877
857 174 830
500 672 863
231 515 611
397 374 382
970 844 30
682 926 895
963 2 593
635 874 362
534 359 470
37 88 108
523 359 107
23 127 124
412 921 997
244 879 115
66 360 128
453 939 217
143 306 113
878 140 410
441 448 594
787 640 203
852 97 126
722 137 580
76 417 486
309 401 827
320 989 283
510 326 304
204 600 15
220 339 541
135 349 778
463 225 69
539 937 227
932 934 757
863 997 574
172 118 273
546 717 91
978 700 817
651 201 899
887 823 132
676 225 186
611 928 668
613 473 722
887 417 350
490 794 125
162 830 646
653 656 240
131 766 809
719 733 118
430 28 683
852 657 131
649 78 27
954 110 547
357 89 614
335 470 238
134 907 143
868 76 501
469 183 65
325 616 325
446 385 739
493 504 902
461 309 596
159 704 994
387 871 271
186 844 330
336 841 463
433 631 770
768 325 677
12 730 75
281 891 323
202 379 320
116 378 824
59 141 284
666 143 90
904 801 37
71 922 517
287 959 162
887 417 350
469 183 65
131 766 809
407 101 481
780 693 479
281 891 323
970 844 30
878 140 410
327 320 43
857 993 192
555 559 683
932 930 260
216 269 754
720 609 222
59 141 284
815 577 887
632 706 755
274 52 34
39 99 624
863 530 809
793 887 228
625 117 935
403 960 954
305 50 849
607 505 445
92 39 131
523 581 340
529 426 45
110 815 892
505 716 333
919 17 556
675 898 19
591 383 503
815 742 245
68 804 677
160 999 945
898 10 362
75 158 814
83 608 759
213 650 802
904 587 990
461 804 821
2 4 509
312 444 459
690 875 249
239 31 796
583 551 291
611 315 312
225 332 919
391 666 85
165 711 555
139 526 198
40 778 674
289 597 552
993 422 475
767 259 924
490 556 967
798 305 863
758 439 626
901 407 513
718 846 745
219 353 251
970 697 349
972 592 642
985 911 547
804 468 589
449 7 66
71 226 794
736 352 357
248 899 284
888 293 896
374 127 470
168 421 889
289 837 639
486 998 766
111 82 526
295 803 451
20 107 829
224 185 743
679 929 478
761 765 756
536 701 567
565 747 80
320 540 844
700 666 364
372 739 419
220 804 511
278 40 374
670 950 229
48 881 692
395 969 463
771 358 495
604 540 217
214 177 71
813 948 295
465 825 864
580 390 314
766 969 353
723 221 592
597 281 872
386 461 694
136 931 639
786 227 349
861 87 732
611 928 668
315 802 708
780 693 479
690 875 249
565 299 513
325 792 623
600 147 163
348 827 707
647 880 717
788 783 589
985 911 547
887 417 350
708 560 173
804 663 167
932 930 260
889 633 142
779 24 496
111 204 976
898 847 352
672 107 599
718 153 458
201 529 138
876 969 207
736 363 173
813 409 490
552 35 397
655 309 697
851 119 119
895 619 125
735 841 160
448 34 254
110 520 839
37 784 136
834 286 997
817 21 737
488 366 578
612 290 707
370 343 812
63 410 444
716 764 829
109 185 787
324 812 191
763 40 500
852 946 776
866 353 510
431 360 637
911 806 68
823 515 809
10 345 641
616 710 38
967 991 8
399 543 659
144 635 44
129 352 465
572 156 277
290 861 799
881 171 901
484 624 642
215 892 247
858 989 356
485 837 275
639 52 390
66 788 388
297 766 703
551 922 826
508 406 942
486 188 25
308 728 933
764 52 429
987 766 88
501 169 582
25 299 806
28 705 199
750 806 421
526 312 400
256 659 914
194 866 616
451 727 722
601 8 713
266 69 454
946 824 69
106 952 634
223 361 343
759 483 592
275 506 469
978 428 884
775 888 863
375 113 933
463 825 1
877 419 323
370 179 242
39 404 805
696 221 904
183 779 893
312 183 794
911 806 68
676 37 254
889 186 780
461 309 596
505 716 333
183 779 893
163 779 446
510 326 304
971 245 454
768 325 677
441 986 687
416 775 250
804 663 167
343 54 467
215 892 247
370 343 812
621 799 72
966 349 275
149 340 399
461 309 596
432 219 678
170 166 300
411 344 104
507 815 326
240 293 379
238 566 207
67 561 146
43 84 701
429 433 480
205 204 10
845 858 781
123 156 263
859 589 15
937 212 129
175 656 943
69 590 962
329 161 870
106 919 535
202 766 183
92 872 852
896 280 525
629 336 541
274 565 321
103 899 830
354 811 241
690 21 982
724 576 971
578 737 375
655 810 972
420 614 143
404 532 696
819 422 377
915 566 650
396 558 25
790 584 282
713 931 323
744 498 580
790 659 563
479 516 600
253 781 74
482 255 777
191 211 70
242 988 87
681 673 510
858 782 440
983 112 723
273 440 852
505 352 520
423 169 40
824 397 984
854 145 447
554 902 4
650 524 80
118 69 862
327 120 400
398 159 102
693 108 609
113 163 494
923 224 145
400 449 210
641 185 436
83 157 602
791 594 704
628 386 651
877 359 211
881 179 818
26 85 618
117 756 361
240 801 281
337 497 594
1 778 384
776 359 524
964 334 109
167 989 812
327 236 176
431 257 848
291 789 543
573 298 56
90 413 964
61 173 818
817 21 737
854 145 447
600 147 163
322 508 514
203 808 332
632 706 755
222 713 760
779 24 496
726 506 75
748 246 317
839 504 308
66 788 388
287 959 162
877 359 211
898 847 352
971 245 454
702 230 635
938 813 148
539 937 227
194 866 616
482 794 21
93 28 307
214 524 164
879 242 272
720 462 987
567 830 821
724 822 984
734 299 408
261 693 247
900 996 49
819 834 104
886 519 879
175 330 401
520 137 85
40 576 731
681 626 116
646 378 693
567 855 672
651 965 118
289 643 511
179 332 770
409 196 928
176 116 704
663 619 795
934 508 329
179 780 162
698 587 925
922 126 972
442 183 537
604 264 841
108 102 410
810 352 660
339 421 74
892 111 30
460 607 646
11 837 747
806 732 498
747 958 967
292 152 738
721 583 387
308 408 171
170 249 183
895 794 508
480 693 940
563 192 63
84 617 618
262 840 357
786 62 989
533 555 373
896 987 608
959 149 323
401 826 39
618 430 355
301 168 495
197 392 133
813 215 727
155 809 387
903 75 637
727 678 305
165 117 903
715 60 727
425 665 263
499 293 159
33 718 234
148 449 872
896 868 753
539 462 283
705 384 600
682 859 601
894 798 869
552 983 11
660 201 742
144 120 755
346 670 272
44 996 796
847 460 520
660 691 821
371 605 572
136 743 759
912 654 55
407 101 481
824 488 893
222 713 760
327 320 43
453 939 217
142 453 806
105 28 928
370 343 812
397 374 382
754 293 848
123 156 263
305 50 849
813 215 727
966 349 275
647 880 717
605 560 206
639 52 390
632 706 755
202 766 183
750 806 421
568 898 225
151 558 798
714 259 603
736 376 156
820 389 330
476 332 37
141 195 139
663 654 567
231 174 128
352 178 115
549 211 772
959 654 691
611 495 842
694 384 801
819 403 317
17 815 462
53 724 826
287 878 330
751 443 862
339 460 467
467 778 546
497 284 949
895 823 787
235 582 144
476 417 89
794 171 74
916 30 740
951 551 158
189 579 141
419 983 436
514 670 114
323 107 259
718 277 751
359 476 532
524 447 483
90 526 835
60 476 961
448 780 87
420 284 189
323 846 311
217 65 350
973 745 680
606 603 785
892 971 393
225 427 423
402 453 393
720 172 113
139 199 39
294 288 876
122 499 407
829 576 765
353 40 848
212 631 805
374 600 162
108 103 665
863 816 214
917 863 797
109 305 752
245 259 56
221 936 449
624 137 318
225 101 258
643 782 40
490 882 781
207 783 363
27 156 483
786 538 800
896 65 790
355 554 356
646 764 202
83 7 689
910 805 377
269 664 501
906 529 549
956 510 2
831 820 889
360 114 850
181 226 12
701 936 119
898 217 540
549 211 772
819 403 317
866 316 101
941 12 634
485 837 275
250 865 932
315 802 708
427 710 308
323 657 563
756 857 529
606 603 785
222 713 760
407 101 481
53 724 826
324 812 191
868 76 501
611 928 668
606 603 785
690 875 249
175 330 401
980 941 589
417 551 918
461 44 786
17 651 53
564 322 762
733 469 498
123 479 966
59 849 926
802 79 322
939 964 546
703 110 70
698 391 756
77 843 501
447 423 122
270 415 668
351 168 222
548 706 668
641 5 44
610 623 733
615 327 856
712 980 370
752 318 450
493 628 984
538 375 692
219 613 323
548 392 860
662 889 171
998 246 829
683 895 768
356 724 281
709 572 829
474 729 818
651 498 188
703 574 191
621 956 378
821 166 87
756 583 949
449 35 535
591 842 645
582 644 201
606 245 601
415 754 163
902 782 678
130 996 277
356 865 649
166 789 369
995 728 618
112 192 980
72 804 615
784 277 727
788 381 786
371 745 549
516 551 952
128 679 32
841 179 573
940 434 697
847 238 964
271 747 800
215 868 856
929 963 448
892 565 266
681 181 873
537 24 60
29 735 620
534 411 872
522 429 125
663 429 135
285 87 715
203 732 525
662 473 887
204 707 861
751 987 31
882 643 976
26 606 556
52 594 699
368 140 828
765 848 513
982 499 539
110 892 633
942 213 654
720 609 222
87 569 370
555 559 683
162 400 945
681 626 116
297 766 703
297 766 703
266 69 454
215 892 247
552 35 397
726 506 75
430 28 683
7 203 915
353 40 848
91 514 570
888 293 896
231 174 128
868 76 501
103 899 830
606 245 601
835 679 327
825 827 165
122 481 291
665 624 984
222 457 898
675 959 54
259 70 76
627 805 763
660 824 904
29 952 546
54 399 966
720 325 424
303 751 721
232 728 725
555 371 774
934 641 525
439 232 935
956 788 46
382 394 205
947 774 322
497 68 795
373 651 560
155 216 766
925 463 661
235 563 688
502 211 529
446 497 56
949 688 761
829 707 696
505 923 901
293 743 861
930 800 810
630 674 631
677 287 444
746 551 713
841 242 130
539 219 631
31 712 888
97 702 350
177 442 813
471 775 2
419 862 521
502 408 320
883 434 911
172 172 902
278 743 915
396 213 977
895 18 764
65 774 834
492 612 309
199 218 722
762 613 198
779 742 622
148 471 850
777 244 165
139 616 243
760 291 476
170 161 680
709 793 375
706 239 898
905 810 371
522 564 933
206 255 570
754 434 165
894 518 970
355 113 764
814 112 553
925 853 351
579 700 772
488 773 269
708 919 435
194 747 638
188 123 491
713 284 841
749 508 682
521 956 510
64 5 562
573 802 605
301 484 337
237 439 209
64 5 562
154 192 602
592 793 432
542 633 762
905 810 371
502 408 320
966 349 275
77 843 501
453 939 217
785 650 561
919 17 556
824 488 893
859 589 15
323 846 311
771 358 495
186 844 330
61 425 573
186 844 330
902 782 678
916 30 740
550 698 161
278 130 454
722 740 511
527 253 377
393 521 237
770 14 237
753 736 185
462 552 790
961 556 461
262 621 871
542 133 99
237 515 917
384 372 47
637 589 551
606 924 55
550 69 841
8 289 996
246 365 994
409 528 577
974 770 297
