477
394
752
110
773
327
5
273
652
684
423
736
772
336
371
755
112
444
739
700
325
99
532
610
670
711
408
533
238
730
545
908
284
826
54
161
348
185
242
565
384
589
570
634
465
225
959
46
777
204
973
365
717
778
341
732
870
265
158
145
318
206
490
487
486
946
832
293
232
808
567
190
741
892
386
675
212
498
983
452
247
888
975
540
124
184
967
695
258
527
530
785
451
127
746
619
251
33
661
708
723
956
834
97
410
991
662
215
28
551
974
522
431
865
18
809
398
308
794
793
499
458
562
27
960
349
644
39
205
73
604
638
175
125
140
764
495
360
419
656
373
520
977
928
861
984
709
214
481
430
223
587
733
7
47
880
514
963
646
577
222
715
769
227
996
168
142
501
597
203
85
324
317
838
631
731
57
807
972
961
830
654
828
950
538
450
629
432
334
201
517
962
102
172
445
484
600
725
174
574
82
457
784
563
593
24
596
682
783
681
907
897
155
886
239
877
910
683
297
22
25
6
853
995
474
781
745
765
716
221
899
306
547
653
591
664
230
369
305
806
186
401
878
632
583
585
666
592
575
90
488
884
902
181
628
277
459
119
882
345
617
894
217
75
147
368
235
49
663
504
78
640
383
542
448
818
269
905
639
659
766
857
250
323
420
883
197
353
414
510
726
680
335
924
189
609
581
756
859
760
359
890
101
422
200
893
937
738
494
863
115
132
493
55
295
898
406
668
903
26
426
763
267
136
416
911
552
605
8
942
315
979
156
257
193
208
148
249
298
266
507
936
61
703
553
713
845
557
417
915
113
516
469
392
964
188
939
180
710
255
376
130
372
590
62
375
471
953
421
758
13
647
320
660
523
932
526
59
10
602
70
463
91
791
346
425
757
573
83
299
851
952
224
195
625
363
43
32
153
801
303
824
836
900
528
405
688
856
767
109
645
87
521
121
94
947
246
37
721
770
254
925
607
388
515
86
799
641
150
210
358
233
322
554
849
23
889
171
599
12
272
687
858
263
943
676
475
9
847
747
213
934
332
11
436
449
144
564
290
202
380
815
579
319
151
176
881
282
385
759
268
137
839
667
930
367
637
580
89
453
798
434
314
114
428
686
134
129
502
117
776
976
143
969
926
914
968
41
744
301
920
191
379
513
292
412
642
854
183
626
635
427
378
833
362
29
650
795
403
429
34
813
71
187
173
42
80
72
820
226
524
949
311
192
944
712
66
789
447
357
74
694
103
485
30
981
440
846
131
980
566
260
164
53
118
387
864
971
228
2
199
669
98
775
749
343
603
456
413
253
800
505
614
167
931
929
529
329
4
866
370
989
606
275
472
904
701
615
326
133
116
729
415
658
753
149
361
671
643
913
285
100
461
655
871
536
482
259
389
621
166
624
571
811
443
464
724
837
344
788
927
424
569
901
14
697
123
354
584
437
611
576
998
506
816
141
84
38
309
404
271
987
364
997
555
568
822
64
240
128
274
159
802
20
152
867
792
673
355
955
561
720
868
951
45
539
442
237
468
891
992
657
407
796
537
478
3
954
107
531
198
88
761
608
743
216
300
704
812
256
58
982
993
742
696
728
313
840
895
751
60
289
651
391
439
965
698
945
234
220
740
985
810
294
157
938
850
885
990
279
17
692
572
296
160
909
786
835
93
633
177
674
916
549
402
556
65
648
649
613
748
236
476
321
79
31
887
948
734
261
286
679
508
67
304
750
685
940
503
620
560
598
804
906
179
229
63
702
923
941
418
774
623
707
278
844
307
771
612
917
544
754
875
170
243
111
126
446
727
16
512
328
958
244
978
855
96
350
497
395
546
691
270
518
316
601
331
1
876
287
803
509
441
377
860
805
827
466
559
588
95
496
479
874
218
534
578
276
541
120
848
933
15
550
36
595
382
169
76
966
281
873
690
77
262
139
339
455
409
473
352
918
396
340
492
397
288
399
19
689
489
333
782
722
491
122
819
56
207
163
558
586
381
366
302
50
138
21
922
525
52
862
310
672
986
543
460
480
454
500
762
622
467
718
829
291
869
921
511
280
872
535
627
780
957
283
40
400
81
92
630
912
677
337
219
374
768
797
879
970
330
390
68
48
338
582
483
248
616
105
438
994
919
737
594
241
519
51
252
245
231
165
814
393
719
162
787
108
665
435
821
106
678
699
714
831
841
44
104
182
825
194
935
896
548
817
842
823
790
779
196
154
135
636
351
178
342
69
618
999
462
211
264
35
988
706
312
705
470
356
843
411
209
146
433
347
693
735
852
